-----Результат работы программы-----—
Введите количество строк (столбцов) квадратной матрицы в интервале от 6 до 100:6
Введите число К=12
матрица F, промежуточное время = 0.00 seconds.
0 0 0 0 0 0
0 0 0 0 0 0
0 0 0 0 0 0
0 0 0 0 0 0
0 0 0 0 0 0
0 0 0 0 0 0
матрица A, промежуточное время = 0.00 seconds.
0 1 1 1 1 0
4 0 1 1 0 2
4 4 0 0 2 2
4 4 0 0 2 2
4 0 0 3 0 2
0 0 0 3 3 0
матрица F, промежуточное время = 0.00 seconds.
0 1 1 1 1 0
4 0 1 1 0 2
4 4 0 0 2 2
4 4 0 0 2 2
4 0 0 3 0 2
0 0 0 3 3 0
матрица E, промежуточное время = 0.00 seconds.
0 1 1
4 0 1
4 4 0
В подматрице E количество нулей по периметру области 4 больше, чем сумма чисел по периметру области 1
матрица F, промежуточное время = 0.00 seconds.
1 1 0 0 1 1
1 0 2 4 0 1
0 2 2 4 4 0
4 4 0 0 2 2
4 0 0 3 0 2
0 0 0 3 3 0
матрица A^T, промежуточное время = 0.00 seconds.
0 4 4 4 4 0
1 0 4 4 0 0
1 1 0 0 0 0
1 1 0 0 3 3
1 0 2 2 0 3
0 2 2 2 2 0
матрица K*A^T, промежуточное время = 0.00 seconds.
0 48 48 48 48 0
12 0 48 48 0 0
12 12 0 0 0 0
12 12 0 0 36 36
12 0 24 24 0 36
0 24 24 24 24 0
матрица (K*A^T)*A, промежуточное время = 0.00 seconds.
9 6 4 11 6 5
8 10 2 10 16 6
16 4 8 28 10 12
16 4 8 28 10 12
16 16 0 6 16 10
24 12 0 9 6 12
матрица F^T, промежуточное время = 0.00 seconds.
1 1 0 4 4 0
1 0 2 4 0 0
0 2 2 0 0 0
0 4 4 0 3 3
1 0 4 2 0 3
1 1 0 2 2 0
матрица K*F^T, промежуточное время = 0.00 seconds.
12 12 0 48 48 0
12 0 24 48 0 0
0 24 24 0 0 0
0 48 48 0 36 36
12 0 48 24 0 36
12 12 0 24 24 0
матрица ((K*A^T)*A)+K*F^T, промежуточное время = 0.00 seconds.
21 18 4 59 54 5
20 10 26 58 16 6
16 28 32 28 10 12
16 52 56 28 46 48
28 16 48 30 16 46
36 24 0 33 30 12
Program time: 0.0019807815551757812 seconds.
